0 0.530434 0.52156 0.0159578 0.0160982 0.834054
0 0.345765 0.544332 0.0163462 0.0158146 0.807572
0 0.352337 0.546925 0.016195 0.015951 0.792007
0 0.424156 0.517601 0.0155457 0.0158099 0.680815
0 0.521508 0.480513 0.0162126 0.015836 0.65666
0 0.441428 0.481732 0.0157881 0.015888 0.645013
0 0.425846 0.515477 0.0157888 0.0157398 0.621003
0 0.514592 0.532316 0.0159145 0.0159052 0.612455
0 0.48827 0.529178 0.0151501 0.0153171 0.595159
0 0.496624 0.522422 0.0156955 0.0163609 0.488025
0 0.530366 0.527327 0.0162304 0.0161901 0.344339
0 0.513777 0.521734 0.0152218 0.0162682 0.334216
