0 0.477372 0.558766 0.0154909 0.0156178 0.868653
0 0.532034 0.586482 0.0160881 0.015526 0.824841
0 0.456958 0.511558 0.0162065 0.0154026 0.819803
0 0.538993 0.518324 0.0149378 0.0153701 0.817744
0 0.493163 0.540525 0.0154555 0.0157262 0.817336
0 0.470554 0.408595 0.0161184 0.0156378 0.786714
0 0.45901 0.475993 0.0160252 0.0155029 0.775684
0 0.481061 0.533988 0.0159626 0.0162918 0.696839
0 0.521574 0.528678 0.0158218 0.015852 0.679127
0 0.581144 0.528978 0.0161467 0.0160509 0.618096
0 0.488764 0.529165 0.0149321 0.0154242 0.616719
0 0.454956 0.405642 0.0155926 0.0154443 0.591388
0 0.517406 0.524445 0.0161715 0.0160419 0.587803
0 0.526392 0.525036 0.0154041 0.0153709 0.511391
