0 0.382887 0.451273 0.0143368 0.01384 0.830348
0 0.479979 0.368708 0.014183 0.0141399 0.791942
0 0.383282 0.464219 0.0140465 0.0140199 0.783003
0 0.285589 0.398158 0.0141996 0.0142848 0.758886
0 0.428682 0.482569 0.0143353 0.0139222 0.741296
0 0.442793 0.510082 0.0143858 0.0139694 0.732119
0 0.5074 0.390417 0.0142069 0.0139121 0.723532
0 0.28847 0.407907 0.0141355 0.0139242 0.710966
0 0.284467 0.409028 0.0146002 0.0137606 0.694696
0 0.501808 0.429982 0.0140718 0.0142413 0.659237
0 0.502325 0.416768 0.0141716 0.0144279 0.643813
0 0.428324 0.49643 0.0143589 0.0139601 0.564954
0 0.301387 0.507954 0.014378 0.0141099 0.462885
