0 0.342391 0.269748 0.0187683 0.0190208 0.873233
0 0.338173 0.500929 0.0198894 0.0196379 0.828346
0 0.38369 0.621394 0.019927 0.0195429 0.815041
0 0.242161 0.436468 0.0194373 0.0196818 0.812373
0 0.445198 0.421901 0.0209895 0.0195629 0.788529
0 0.301516 0.396521 0.0194851 0.0196213 0.764028
0 0.354164 0.547023 0.020595 0.019485 0.760231
0 0.320039 0.503708 0.0198634 0.018951 0.753372
0 0.335585 0.273383 0.0184893 0.0187178 0.722328
0 0.333283 0.506619 0.0188563 0.0191843 0.71959
0 0.375912 0.620273 0.018143 0.0187992 0.641093
0 0.29183 0.415774 0.0196837 0.0201563 0.612738
0 0.354596 0.388928 0.0189098 0.0190001 0.606735
0 0.288237 0.411451 0.0195096 0.0191623 0.580371
0 0.249042 0.43638 0.0185369 0.0197744 0.568299
0 0.325313 0.495368 0.0200873 0.0194719 0.561577
0 0.361421 0.39327 0.0182262 0.0189515 0.547071
