0 0.544509 0.492422 0.0159026 0.0155611 0.841788
0 0.532907 0.594115 0.0161255 0.0157206 0.805008
0 0.459746 0.481181 0.0160338 0.0156986 0.779072
0 0.526103 0.444304 0.0155354 0.01562 0.770751
0 0.470047 0.418714 0.0162813 0.015717 0.764888
0 0.509096 0.462273 0.0158737 0.0151579 0.748319
0 0.545242 0.526695 0.0160835 0.0155258 0.734674
0 0.481219 0.476015 0.0157774 0.0152695 0.696971
0 0.51238 0.473135 0.0155879 0.0154804 0.630283
0 0.463546 0.485147 0.0158425 0.0157885 0.625211
0 0.426919 0.473365 0.0157954 0.0158792 0.623747
0 0.508987 0.468395 0.0160734 0.0161524 0.576811
0 0.498195 0.472646 0.0161554 0.0159437 0.560912
0 0.543802 0.596856 0.0164513 0.0159497 0.549909
