0 0.470467 0.572153 0.0134006 0.0130377 0.836346
0 0.530886 0.542082 0.0133327 0.01293 0.799571
0 0.508946 0.548171 0.0131357 0.0131314 0.791291
0 0.488175 0.557945 0.0135937 0.0134329 0.687257
0 0.453187 0.51325 0.0129957 0.0129766 0.618749
0 0.464762 0.465181 0.0135078 0.013332 0.606125
0 0.533745 0.542635 0.0138362 0.0132332 0.536284
0 0.520242 0.54639 0.0123418 0.013142 0.466382
0 0.486762 0.553957 0.012855 0.0129472 0.427557
0 0.56917 0.548829 0.0132864 0.0133888 0.427007
0 0.458895 0.512883 0.013411 0.0132753 0.413086
0 0.531589 0.593416 0.0134501 0.0133381 0.404778
0 0.461249 0.467016 0.0128939 0.013504 0.392076
0 0.441412 0.511011 0.0131557 0.0131765 0.382472
